         1          1          0
         1          1          4
         1          1          5
         1          1          6
         1          1          8
         1          1         17
         1          1         34
         1          1         36
         1          1         38
         1          1         39
         1          1         41
         1          1         42
         1          1         45
         1          1         47
         1          1         49
         1          1         50
         1          1         51
         1          1         52
         1          1         53
         1          1         55
         1          1         61
         1          1         62
         1          1         63
         1          1         67
         1          1         69
         1          1         71
         1          1         73
         1          1         74
         1          1         78
         1          1         83
         1          1         94
         2          2          7
         2          2          8
         2          2          9
         2          2         11
         2          2         14
         2          2         18
         2          2         21
         2          2         25
         2          2         35
         2          2         38
         2          2         39
         2          2         40
         2          2         42
         2          2         43
         2          2         59
         2          2         63
         2          2         69
         2          2         80
         2          2         81
         2          2         83
         2          2         85
         2          2         87
         2          2         93
         2          2         97
         3          3          0
         3          3          5
         3          3          7
         3          3          8
         3          3          9
         3          3         10
         3          3         12
         3          3         17
         3          3         36
         3          3         38
         3          3         42
         3          3         43
         3          3         45
         3          3         50
         3          3         57
         3          3         60
         3          3         62
         3          3         63
         3          3         69
         3          3         73
         3          3         85
         3          3         86
         3          3         91
         3          3         93
         4          4          0
         4          4          4
         4          4          6
         4          4         11
         4          4         13
         4          4         14
         4          4         17
         4          4         18
         4          4         19
         4          4         20
         4          4         23
         4          4         25
         4          4         26
         4          4         33
         4          4         38
         4          4         42
         4          4         48
         4          4         62
         4          4         63
         4          4         72
         4          4         75
         4          4         80
         4          4         83
         4          4         84
         4          4         92
         4          4         96
         5          5          0
         5          5          3
         5          5          5
         5          5          7
         5          5         11
         5          5         12
         5          5         13
         5          5         14
         5          5         17
         5          5         18
         5          5         21
         5          5         23
         5          5         28
         5          5         32
         5          5         38
         5          5         40
         5          5         43
         5          5         52
         5          5         57
         5          5         60
         5          5         61
         5          5         62
         5          5         63
         5          5         68
         5          5         69
         5          5         70
         5          5         71
         5          5         74
         5          5         79
         5          5         80
         5          5         81
         5          5         83
         5          5         87
         5          5         89
         6          6          3
         6          6          7
         6          6         29
         6          6         36
         6          6         43
         6          6         45
         6          6         47
         6          6         69
         6          6         72
         6          6         74
         6          6         78
         6          6         85
         6          6         89
         6          6         93
         6          6         95
         7          7          0
         7          7          3
         7          7          4
         7          7         12
         7          7         15
         7          7         17
         7          7         21
         7          7         28
         7          7         31
         7          7         33
         7          7         38
         7          7         39
         7          7         40
         7          7         43
         7          7         47
         7          7         48
         7          7         61
         7          7         65
         7          7         69
         7          7         71
         7          7         72
         7          7         74
         7          7         80
         7          7         81
         7          7         83
         7          7         86
         7          7         87
         7          7         89
         7          7         93
         7          7         96
         8          8          3
         8          8         17
         8          8         26
         8          8         33
         8          8         36
         8          8         40
         8          8         43
         8          8         45
         8          8         48
         8          8         52
         8          8         61
         8          8         62
         8          8         63
         8          8         73
         8          8         74
         8          8         78
         8          8         83
         8          8         86
         8          8         87
         9          9          5
         9          9          6
         9          9          8
         9          9         11
         9          9         14
         9          9         17
         9          9         20
         9          9         21
         9          9         28
         9          9         33
         9          9         35
         9          9         36
         9          9         40
         9          9         43
         9          9         48
         9          9         51
         9          9         52
         9          9         57
         9          9         59
         9          9         61
         9          9         63
         9          9         66
         9          9         77
         9          9         81
         9          9         83
         9          9         85
         9          9         89
         9          9         90
        10         10          5
        10         10          8
        10         10         14
        10         10         21
        10         10         26
        10         10         29
        10         10         31
        10         10         35
        10         10         38
        10         10         39
        10         10         41
        10         10         42
        10         10         59
        10         10         62
        10         10         63
        10         10         70
        10         10         86
        10         10         95
        11         11          1
        11         11          3
        11         11          5
        11         11          7
        11         11         11
        11         11         14
        11         11         28
        11         11         31
        11         11         33
        11         11         35
        11         11         36
        11         11         43
        11         11         45
        11         11         48
        11         11         57
        11         11         61
        11         11         63
        11         11         69
        11         11         77
        11         11         80
        11         11         81
        11         11         82
        11         11         86
        11         11         91
        12         12         21
        12         12         26
        12         12         28
        12         12         29
        12         12         31
        12         12         50
        12         12         61
        12         12         62
        12         12         63
        12         12         67
        12         12         69
        12         12         80
        12         12         83
        12         12         86
        12         12         87
        12         12         88
        12         12         89
        12         12         93
        12         12         96
        13         13          8
        13         13         11
        13         13         12
        13         13         17
        13         13         20
        13         13         21
        13         13         23
        13         13         25
        13         13         28
        13         13         29
        13         13         31
        13         13         35
        13         13         36
        13         13         38
        13         13         40
        13         13         43
        13         13         47
        13         13         48
        13         13         50
        13         13         62
        13         13         63
        13         13         66
        13         13         71
        13         13         72
        13         13         73
        13         13         81
        13         13         83
        13         13         92
        13         13         97
        14         14         13
        14         14         21
        14         14         25
        14         14         35
        14         14         36
        14         14         38
        14         14         43
        14         14         51
        14         14         59
        14         14         62
        14         14         63
        14         14         66
        14         14         67
        14         14         69
        14         14         70
        14         14         71
        14         14         74
        14         14         85
        14         14         87
        14         14         89
        14         14         97
        15         15          3
        15         15          5
        15         15         13
        15         15         23
        15         15         28
        15         15         29
        15         15         36
        15         15         38
        15         15         44
        15         15         46
        15         15         49
        15         15         51
        15         15         57
        15         15         63
        15         15         66
        15         15         67
        15         15         68
        15         15         69
        15         15         70
        15         15         71
        15         15         72
        15         15         74
        15         15         78
        15         15         81
        15         15         83
        15         15         85
        15         15         87
        15         15         89
        15         15         95
        16         16          7
        16         16          8
        16         16          9
        16         16         17
        16         16         21
        16         16         27
        16         16         28
        16         16         34
        16         16         35
        16         16         36
        16         16         38
        16         16         40
        16         16         43
        16         16         45
        16         16         48
        16         16         49
        16         16         52
        16         16         57
        16         16         63
        16         16         66
        16         16         67
        16         16         68
        16         16         69
        16         16         71
        16         16         74
        16         16         80
        16         16         82
        16         16         84
        16         16         86
        16         16         87
        16         16         89
        16         16         91
        16         16         93
        17         17          3
        17         17          8
        17         17         10
        17         17         12
        17         17         13
        17         17         23
        17         17         25
        17         17         26
        17         17         28
        17         17         36
        17         17         38
        17         17         39
        17         17         48
        17         17         51
        17         17         62
        17         17         63
        17         17         69
        17         17         72
        17         17         73
        17         17         76
        17         17         81
        17         17         83
        17         17         85
        17         17         93
        18         18          8
        18         18         17
        18         18         35
        18         18         36
        18         18         38
        18         18         41
        18         18         51
        18         18         57
        18         18         61
        18         18         63
        18         18         69
        18         18         85
        18         18         86
        18         18         87
        18         18         97
        19         19          0
        19         19          9
        19         19         14
        19         19         17
        19         19         28
        19         19         35
        19         19         36
        19         19         38
        19         19         40
        19         19         42
        19         19         48
        19         19         60
        19         19         63
        19         19         69
        19         19         74
        19         19         78
        19         19         89
        19         19         90
        19         19         93
        20         20          3
        20         20          5
        20         20          7
        20         20          8
        20         20          9
        20         20         11
        20         20         12
        20         20         17
        20         20         24
        20         20         28
        20         20         34
        20         20         38
        20         20         40
        20         20         42
        20         20         47
        20         20         48
        20         20         49
        20         20         55
        20         20         63
        20         20         66
        20         20         67
        20         20         68
        20         20         71
        20         20         72
        20         20         74
        20         20         78
        20         20         80
        20         20         81
        20         20         85
        20         20         88
        20         20         89
        20         20         91
        20         20         92
        20         20         95
        21         21          0
        21         21          8
        21         21         12
        21         21         28
        21         21         33
        21         21         38
        21         21         48
        21         21         68
        21         21         69
        21         21         71
        21         21         72
        21         21         76
        21         21         83
        21         21         85
        21         21         87
        21         21         89
        22         22          4
        22         22          7
        22         22          8
        22         22          9
        22         22         11
        22         22         13
        22         22         14
        22         22         17
        22         22         25
        22         22         26
        22         22         27
        22         22         28
        22         22         29
        22         22         33
        22         22         38
        22         22         40
        22         22         46
        22         22         47
        22         22         48
        22         22         55
        22         22         63
        22         22         69
        22         22         73
        22         22         75
        22         22         78
        22         22         80
        22         22         81
        22         22         85
        22         22         87
        22         22         92
        22         22         93
        22         22         97
        22         22         98
        23         23          9
        23         23         10
        23         23         11
        23         23         13
        23         23         14
        23         23         17
        23         23         25
        23         23         27
        23         23         29
        23         23         34
        23         23         35
        23         23         36
        23         23         38
        23         23         42
        23         23         48
        23         23         57
        23         23         60
        23         23         68
        23         23         71
        23         23         78
        23         23         79
        23         23         81
        23         23         83
        23         23         86
        23         23         87
        23         23         92
        24         24          0
        24         24          7
        24         24          9
        24         24         14
        24         24         16
        24         24         17
        24         24         22
        24         24         25
        24         24         27
        24         24         28
        24         24         29
        24         24         31
        24         24         35
        24         24         36
        24         24         38
        24         24         39
        24         24         43
        24         24         47
        24         24         48
        24         24         51
        24         24         52
        24         24         53
        24         24         61
        24         24         63
        24         24         69
        24         24         72
        24         24         80
        24         24         84
        24         24         85
        24         24         87
        24         24         88
        24         24         89
        24         24         91
        24         24         93
        24         24         97
        24         24         99
        25         25          3
        25         25         11
        25         25         12
        25         25         17
        25         25         23
        25         25         36
        25         25         38
        25         25         41
        25         25         42
        25         25         43
        25         25         57
        25         25         61
        25         25         73
        25         25         80
        25         25         81
        25         25         83
        25         25         85
        25         25         87
        25         25         89
        25         25         91
        25         25         93
        25         25         99
        26         26          3
        26         26          5
        26         26          7
        26         26          9
        26         26         14
        26         26         18
        26         26         20
        26         26         23
        26         26         25
        26         26         27
        26         26         33
        26         26         36
        26         26         38
        26         26         39
        26         26         40
        26         26         46
        26         26         52
        26         26         63
        26         26         68
        26         26         69
        26         26         71
        26         26         72
        26         26         74
        26         26         76
        26         26         78
        26         26         81
        26         26         87
        26         26         90
        26         26         92
        26         26         95
        27         27          8
        27         27         12
        27         27         14
        27         27         19
        27         27         23
        27         27         35
        27         27         36
        27         27         38
        27         27         39
        27         27         40
        27         27         43
        27         27         48
        27         27         50
        27         27         63
        27         27         66
        27         27         67
        27         27         68
        27         27         69
        27         27         74
        27         27         81
        27         27         83
        27         27         85
        27         27         87
        27         27         91
        27         27         94
        28         28          0
        28         28          3
        28         28          4
        28         28         10
        28         28         11
        28         28         13
        28         28         14
        28         28         25
        28         28         28
        28         28         36
        28         28         38
        28         28         39
        28         28         40
        28         28         42
        28         28         43
        28         28         47
        28         28         50
        28         28         51
        28         28         53
        28         28         55
        28         28         61
        28         28         62
        28         28         63
        28         28         69
        28         28         71
        28         28         87
        28         28         96
        28         28         97
        29         29          4
        29         29          8
        29         29          9
        29         29         12
        29         29         17
        29         29         21
        29         29         23
        29         29         24
        29         29         26
        29         29         28
        29         29         29
        29         29         33
        29         29         35
        29         29         36
        29         29         38
        29         29         43
        29         29         48
        29         29         51
        29         29         62
        29         29         69
        29         29         73
        29         29         74
        29         29         81
        29         29         86
        29         29         87
        29         29         90
        29         29         93
        29         29         96
        29         29         98
        30         30          3
        30         30          8
        30         30         11
        30         30         13
        30         30         17
        30         30         20
        30         30         28
        30         30         33
        30         30         34
        30         30         36
        30         30         39
        30         30         40
        30         30         46
        30         30         48
        30         30         49
        30         30         61
        30         30         63
        30         30         80
        30         30         85
        30         30         87
        31         31          4
        31         31          6
        31         31          7
        31         31          8
        31         31         12
        31         31         19
        31         31         23
        31         31         25
        31         31         33
        31         31         35
        31         31         38
        31         31         39
        31         31         45
        31         31         57
        31         31         61
        31         31         62
        31         31         63
        31         31         66
        31         31         69
        31         31         72
        31         31         73
        31         31         75
        31         31         78
        31         31         80
        31         31         83
        31         31         85
        31         31         86
        31         31         87
        31         31         95
        32         32          0
        32         32          5
        32         32          7
        32         32         11
        32         32         14
        32         32         28
        32         32         29
        32         32         35
        32         32         36
        32         32         38
        32         32         43
        32         32         46
        32         32         47
        32         32         48
        32         32         52
        32         32         67
        32         32         69
        32         32         78
        32         32         80
        32         32         85
        32         32         86
        32         32         87
        32         32         90
        32         32         97
        33         33          3
        33         33          5
        33         33          8
        33         33         14
        33         33         17
        33         33         23
        33         33         25
        33         33         26
        33         33         28
        33         33         35
        33         33         36
        33         33         38
        33         33         39
        33         33         43
        33         33         49
        33         33         51
        33         33         59
        33         33         63
        33         33         68
        33         33         69
        33         33         72
        33         33         73
        33         33         81
        33         33         83
        33         33         85
        33         33         87
        33         33         95
        33         33         99
        34         34          6
        34         34          7
        34         34          8
        34         34         11
        34         34         13
        34         34         19
        34         34         21
        34         34         24
        34         34         28
        34         34         34
        34         34         35
        34         34         36
        34         34         38
        34         34         40
        34         34         43
        34         34         45
        34         34         48
        34         34         51
        34         34         61
        34         34         66
        34         34         69
        34         34         72
        34         34         73
        34         34         78
        34         34         86
        34         34         87
        34         34         88
        34         34         89
        34         34         90
        34         34         92
        34         34         93
        34         34         94
        35         35          0
        35         35          3
        35         35          5
        35         35          8
        35         35          9
        35         35         11
        35         35         12
        35         35         14
        35         35         25
        35         35         29
        35         35         34
        35         35         36
        35         35         38
        35         35         49
        35         35         52
        35         35         61
        35         35         62
        35         35         63
        35         35         67
        35         35         68
        35         35         69
        35         35         72
        35         35         73
        35         35         81
        35         35         84
        35         35         85
        35         35         87
        35         35         89
        35         35         93
        35         35         97
        36         36          8
        36         36         12
        36         36         14
        36         36         17
        36         36         29
        36         36         35
        36         36         36
        36         36         38
        36         36         41
        36         36         42
        36         36         43
        36         36         47
        36         36         49
        36         36         51
        36         36         63
        36         36         73
        36         36         76
        36         36         81
        36         36         82
        36         36         83
        36         36         87
        36         36         95
        37         37          0
        37         37          3
        37         37          6
        37         37          9
        37         37         12
        37         37         13
        37         37         14
        37         37         17
        37         37         19
        37         37         25
        37         37         28
        37         37         31
        37         37         35
        37         37         36
        37         37         38
        37         37         40
        37         37         43
        37         37         47
        37         37         48
        37         37         49
        37         37         53
        37         37         59
        37         37         62
        37         37         63
        37         37         68
        37         37         80
        37         37         85
        37         37         86
        37         37         87
        37         37         93
        37         37         98
        38         38          8
        38         38         17
        38         38         26
        38         38         28
        38         38         36
        38         38         39
        38         38         48
        38         38         61
        38         38         63
        38         38         69
        38         38         72
        38         38         73
        38         38         74
        38         38         75
        38         38         90
        38         38         93
        38         38         95
        38         38         97
        39         39          3
        39         39          8
        39         39          9
        39         39         10
        39         39         13
        39         39         14
        39         39         16
        39         39         17
        39         39         23
        39         39         25
        39         39         26
        39         39         28
        39         39         35
        39         39         38
        39         39         39
        39         39         43
        39         39         48
        39         39         52
        39         39         61
        39         39         62
        39         39         63
        39         39         68
        39         39         69
        39         39         71
        39         39         77
        39         39         78
        39         39         87
        39         39         90
        39         39         93
        39         39         97
        40         40          3
        40         40          4
        40         40          8
        40         40          9
        40         40         12
        40         40         16
        40         40         17
        40         40         19
        40         40         21
        40         40         27
        40         40         28
        40         40         33
        40         40         36
        40         40         47
        40         40         52
        40         40         54
        40         40         63
        40         40         69
        40         40         73
        40         40         83
        40         40         85
        40         40         95
        41         41          4
        41         41          7
        41         41          8
        41         41          9
        41         41         11
        41         41         28
        41         41         31
        41         41         36
        41         41         39
        41         41         40
        41         41         46
        41         41         60
        41         41         63
        41         41         66
        41         41         67
        41         41         69
        41         41         72
        41         41         81
        41         41         83
        41         41         85
        41         41         87
        42         42          3
        42         42          7
        42         42          8
        42         42         17
        42         42         23
        42         42         26
        42         42         28
        42         42         33
        42         42         34
        42         42         39
        42         42         42
        42         42         43
        42         42         48
        42         42         52
        42         42         63
        42         42         67
        42         42         69
        42         42         81
        42         42         85
        42         42         87
        42         42         95
        43         43          7
        43         43          8
        43         43         12
        43         43         17
        43         43         19
        43         43         23
        43         43         28
        43         43         29
        43         43         36
        43         43         38
        43         43         42
        43         43         47
        43         43         48
        43         43         49
        43         43         52
        43         43         62
        43         43         63
        43         43         71
        43         43         72
        43         43         80
        43         43         83
        43         43         86
        43         43         87
        43         43         88
        43         43         92
        44         44          3
        44         44          8
        44         44         12
        44         44         17
        44         44         19
        44         44         20
        44         44         23
        44         44         28
        44         44         36
        44         44         39
        44         44         41
        44         44         42
        44         44         43
        44         44         45
        44         44         46
        44         44         48
        44         44         51
        44         44         63
        44         44         68
        44         44         71
        44         44         72
        44         44         73
        44         44         85
        44         44         87
        44         44         93
        44         44         94
        44         44         97
        45         45          3
        45         45          4
        45         45          6
        45         45          7
        45         45          9
        45         45         15
        45         45         17
        45         45         23
        45         45         33
        45         45         35
        45         45         36
        45         45         51
        45         45         60
        45         45         61
        45         45         63
        45         45         73
        45         45         74
        45         45         86
        45         45         87
        45         45         89
        45         45         98
        46         46          3
        46         46          5
        46         46          6
        46         46          7
        46         46          9
        46         46         10
        46         46         11
        46         46         14
        46         46         18
        46         46         21
        46         46         25
        46         46         26
        46         46         28
        46         46         33
        46         46         36
        46         46         38
        46         46         41
        46         46         48
        46         46         51
        46         46         57
        46         46         59
        46         46         61
        46         46         63
        46         46         65
        46         46         67
        46         46         68
        46         46         81
        46         46         83
        46         46         85
        46         46         87
        46         46         93
        46         46         95
        47         47          3
        47         47          8
        47         47         10
        47         47         11
        47         47         12
        47         47         13
        47         47         22
        47         47         28
        47         47         29
        47         47         31
        47         47         34
        47         47         40
        47         47         47
        47         47         49
        47         47         51
        47         47         60
        47         47         61
        47         47         63
        47         47         70
        47         47         71
        47         47         72
        47         47         87
        47         47         89
        47         47         90
        48         48          7
        48         48          8
        48         48          9
        48         48         11
        48         48         24
        48         48         27
        48         48         38
        48         48         39
        48         48         43
        48         48         48
        48         48         50
        48         48         51
        48         48         61
        48         48         63
        48         48         67
        48         48         68
        48         48         69
        48         48         71
        48         48         73
        48         48         80
        48         48         83
        48         48         85
        48         48         87
        48         48         92
        48         48         93
        48         48         95
        49         49          5
        49         49         12
        49         49         14
        49         49         15
        49         49         18
        49         49         21
        49         49         23
        49         49         33
        49         49         36
        49         49         41
        49         49         43
        49         49         48
        49         49         50
        49         49         60
        49         49         63
        49         49         66
        49         49         69
        49         49         71
        49         49         73
        49         49         81
        49         49         83
        49         49         84
        49         49         97
        50         50          7
        50         50          8
        50         50         10
        50         50         14
        50         50         16
        50         50         19
        50         50         26
        50         50         27
        50         50         28
        50         50         29
        50         50         34
        50         50         35
        50         50         47
        50         50         48
        50         50         49
        50         50         60
        50         50         67
        50         50         69
        50         50         73
        50         50         74
        50         50         78
        50         50         81
        50         50         85
        50         50         86
        50         50         87
        50         50         95
        51         51          8
        51         51         10
        51         51         13
        51         51         14
        51         51         17
        51         51         21
        51         51         23
        51         51         26
        51         51         35
        51         51         36
        51         51         40
        51         51         41
        51         51         43
        51         51         46
        51         51         47
        51         51         60
        51         51         63
        51         51         68
        51         51         69
        51         51         71
        51         51         72
        51         51         78
        51         51         81
        51         51         83
        51         51         85
        51         51         89
        51         51         97
        52         52          3
        52         52          6
        52         52          9
        52         52         10
        52         52         13
        52         52         17
        52         52         19
        52         52         22
        52         52         29
        52         52         34
        52         52         35
        52         52         36
        52         52         41
        52         52         42
        52         52         43
        52         52         45
        52         52         47
        52         52         48
        52         52         51
        52         52         62
        52         52         63
        52         52         69
        52         52         72
        52         52         74
        52         52         78
        52         52         79
        52         52         83
        52         52         85
        52         52         89
        52         52         93
        52         52         94
        52         52         97
        53         53          5
        53         53          9
        53         53         27
        53         53         28
        53         53         38
        53         53         40
        53         53         42
        53         53         43
        53         53         48
        53         53         53
        53         53         57
        53         53         62
        53         53         63
        53         53         69
        53         53         72
        53         53         78
        53         53         81
        53         53         83
        53         53         87
        53         53         88
        53         53         93
        54         54          0
        54         54          4
        54         54          8
        54         54         11
        54         54         17
        54         54         22
        54         54         23
        54         54         26
        54         54         28
        54         54         29
        54         54         36
        54         54         39
        54         54         40
        54         54         41
        54         54         48
        54         54         69
        54         54         70
        54         54         78
        54         54         80
        54         54         86
        54         54         87
        55         55          3
        55         55          5
        55         55          7
        55         55          8
        55         55         21
        55         55         23
        55         55         26
        55         55         38
        55         55         52
        55         55         59
        55         55         60
        55         55         63
        55         55         67
        55         55         68
        55         55         69
        55         55         70
        55         55         73
        55         55         80
        55         55         86
        55         55         87
        55         55         91
        55         55         94
        56         56          3
        56         56          7
        56         56          8
        56         56         11
        56         56         22
        56         56         25
        56         56         31
        56         56         34
        56         56         35
        56         56         36
        56         56         38
        56         56         50
        56         56         52
        56         56         55
        56         56         59
        56         56         71
        56         56         83
        56         56         87
        56         56         89
        57         57         13
        57         57         14
        57         57         15
        57         57         17
        57         57         21
        57         57         29
        57         57         34
        57         57         35
        57         57         36
        57         57         40
        57         57         43
        57         57         47
        57         57         48
        57         57         51
        57         57         63
        57         57         71
        57         57         72
        57         57         75
        57         57         86
        57         57         87
        57         57         89
        57         57         97
        58         58          5
        58         58          9
        58         58         11
        58         58         15
        58         58         17
        58         58         21
        58         58         23
        58         58         26
        58         58         28
        58         58         35
        58         58         36
        58         58         38
        58         58         40
        58         58         46
        58         58         47
        58         58         61
        58         58         63
        58         58         65
        58         58         67
        58         58         69
        58         58         74
        58         58         85
        58         58         86
        58         58         87
        58         58         89
        58         58         90
        59         59         12
        59         59         17
        59         59         21
        59         59         23
        59         59         36
        59         59         38
        59         59         47
        59         59         49
        59         59         51
        59         59         52
        59         59         66
        59         59         69
        59         59         71
        59         59         87
        59         59         93
        60         60          3
        60         60          8
        60         60          9
        60         60         13
        60         60         24
        60         60         28
        60         60         29
        60         60         38
        60         60         46
        60         60         48
        60         60         50
        60         60         60
        60         60         62
        60         60         63
        60         60         67
        60         60         71
        60         60         81
        60         60         85
        60         60         87
        61         61          6
        61         61          7
        61         61          8
        61         61         14
        61         61         16
        61         61         20
        61         61         21
        61         61         25
        61         61         28
        61         61         29
        61         61         31
        61         61         33
        61         61         36
        61         61         38
        61         61         43
        61         61         47
        61         61         48
        61         61         50
        61         61         57
        61         61         61
        61         61         63
        61         61         68
        61         61         74
        61         61         77
        61         61         78
        61         61         83
        61         61         87
        61         61         93
        61         61         95
        62         62          3
        62         62          6
        62         62         15
        62         62         17
        62         62         25
        62         62         28
        62         62         29
        62         62         36
        62         62         38
        62         62         39
        62         62         49
        62         62         51
        62         62         61
        62         62         62
        62         62         63
        62         62         67
        62         62         69
        62         62         71
        62         62         74
        62         62         80
        62         62         81
        62         62         86
        62         62         87
        62         62         92
        63         63          6
        63         63          8
        63         63         14
        63         63         38
        63         63         39
        63         63         42
        63         63         52
        63         63         60
        63         63         61
        63         63         63
        63         63         68
        63         63         70
        63         63         78
        63         63         83
        63         63         85
        63         63         89
        63         63         95
        64         64          4
        64         64          7
        64         64          8
        64         64         11
        64         64         12
        64         64         13
        64         64         14
        64         64         15
        64         64         17
        64         64         35
        64         64         36
        64         64         38
        64         64         40
        64         64         43
        64         64         55
        64         64         57
        64         64         60
        64         64         61
        64         64         62
        64         64         69
        64         64         72
        64         64         73
        64         64         81
        64         64         86
        64         64         87
        64         64         89
        64         64         97
        65         65          3
        65         65          7
        65         65          8
        65         65          9
        65         65         11
        65         65         17
        65         65         21
        65         65         23
        65         65         24
        65         65         26
        65         65         29
        65         65         34
        65         65         38
        65         65         40
        65         65         42
        65         65         47
        65         65         48
        65         65         53
        65         65         60
        65         65         61
        65         65         62
        65         65         67
        65         65         68
        65         65         69
        65         65         78
        65         65         80
        65         65         81
        65         65         85
        65         65         87
        65         65         89
        65         65         97
        66         66          3
        66         66         11
        66         66         24
        66         66         25
        66         66         28
        66         66         36
        66         66         38
        66         66         47
        66         66         61
        66         66         69
        66         66         71
        66         66         72
        66         66         73
        66         66         81
        66         66         98
        67         67          3
        67         67          7
        67         67          8
        67         67         11
        67         67         21
        67         67         25
        67         67         28
        67         67         33
        67         67         34
        67         67         36
        67         67         38
        67         67         39
        67         67         40
        67         67         43
        67         67         47
        67         67         52
        67         67         54
        67         67         63
        67         67         66
        67         67         69
        67         67         71
        67         67         72
        67         67         80
        67         67         94
        68         68          8
        68         68         12
        68         68         17
        68         68         18
        68         68         25
        68         68         35
        68         68         36
        68         68         38
        68         68         40
        68         68         51
        68         68         53
        68         68         68
        68         68         72
        68         68         78
        68         68         83
        68         68         85
        68         68         87
        68         68         89
        68         68         90
        68         68         95
        68         68         99
        69         69          0
        69         69          3
        69         69          8
        69         69         10
        69         69         12
        69         69         14
        69         69         17
        69         69         23
        69         69         25
        69         69         28
        69         69         34
        69         69         38
        69         69         39
        69         69         42
        69         69         43
        69         69         45
        69         69         47
        69         69         49
        69         69         50
        69         69         51
        69         69         52
        69         69         63
        69         69         66
        69         69         71
        69         69         73
        69         69         86
        69         69         87
        69         69         89
        69         69         90
        69         69         93
        69         69         99
        70         70          0
        70         70          3
        70         70          6
        70         70          8
        70         70          9
        70         70         17
        70         70         26
        70         70         28
        70         70         29
        70         70         36
        70         70         38
        70         70         41
        70         70         42
        70         70         45
        70         70         57
        70         70         61
        70         70         62
        70         70         67
        70         70         68
        70         70         69
        70         70         81
        70         70         86
        70         70         87
        70         70         97
        71         71          8
        71         71         24
        71         71         26
        71         71         42
        71         71         43
        71         71         44
        71         71         47
        71         71         48
        71         71         51
        71         71         54
        71         71         61
        71         71         62
        71         71         63
        71         71         66
        71         71         69
        71         71         72
        71         71         76
        71         71         81
        71         71         85
        71         71         93
        72         72         11
        72         72         14
        72         72         17
        72         72         21
        72         72         23
        72         72         29
        72         72         33
        72         72         36
        72         72         38
        72         72         39
        72         72         47
        72         72         55
        72         72         63
        72         72         72
        72         72         73
        72         72         80
        72         72         87
        72         72         88
        73         73          0
        73         73          9
        73         73         14
        73         73         33
        73         73         35
        73         73         38
        73         73         39
        73         73         42
        73         73         47
        73         73         48
        73         73         61
        73         73         63
        73         73         66
        73         73         67
        73         73         69
        73         73         73
        73         73         80
        73         73         81
        73         73         83
        73         73         84
        73         73         86
        73         73         87
        73         73         93
        74         74          3
        74         74         11
        74         74         14
        74         74         17
        74         74         25
        74         74         28
        74         74         35
        74         74         36
        74         74         38
        74         74         40
        74         74         45
        74         74         48
        74         74         51
        74         74         52
        74         74         62
        74         74         63
        74         74         69
        74         74         70
        74         74         71
        74         74         72
        74         74         73
        74         74         81
        74         74         83
        74         74         85
        74         74         86
        74         74         87
        74         74         91
        74         74         97
        75         75          3
        75         75          4
        75         75          5
        75         75          7
        75         75         14
        75         75         17
        75         75         18
        75         75         19
        75         75         22
        75         75         26
        75         75         28
        75         75         32
        75         75         35
        75         75         38
        75         75         39
        75         75         43
        75         75         46
        75         75         49
        75         75         50
        75         75         51
        75         75         52
        75         75         60
        75         75         61
        75         75         63
        75         75         67
        75         75         69
        75         75         72
        75         75         77
        75         75         80
        75         75         86
        75         75         95
        76         76          3
        76         76          7
        76         76          8
        76         76         17
        76         76         29
        76         76         34
        76         76         35
        76         76         36
        76         76         38
        76         76         48
        76         76         57
        76         76         61
        76         76         62
        76         76         63
        76         76         67
        76         76         69
        76         76         71
        76         76         80
        76         76         81
        76         76         85
        76         76         93
        76         76         95
        76         76         96
        76         76         97
        76         76         99
        77         77          0
        77         77          8
        77         77          9
        77         77         14
        77         77         23
        77         77         26
        77         77         35
        77         77         36
        77         77         40
        77         77         41
        77         77         43
        77         77         55
        77         77         62
        77         77         69
        77         77         70
        77         77         71
        77         77         73
        77         77         80
        77         77         83
        77         77         87
        77         77         97
        78         78          3
        78         78          5
        78         78          8
        78         78         11
        78         78         36
        78         78         43
        78         78         67
        78         78         73
        78         78         83
        78         78         87
        78         78         90
        78         78         93
        78         78         98
        79         79          7
        79         79          9
        79         79         14
        79         79         17
        79         79         28
        79         79         29
        79         79         38
        79         79         39
        79         79         40
        79         79         41
        79         79         42
        79         79         43
        79         79         49
        79         79         63
        79         79         69
        79         79         72
        79         79         74
        79         79         81
        79         79         83
        79         79         85
        79         79         86
        79         79         89
        79         79         97
        80         80          3
        80         80          5
        80         80          6
        80         80          9
        80         80         14
        80         80         17
        80         80         18
        80         80         35
        80         80         38
        80         80         43
        80         80         47
        80         80         51
        80         80         53
        80         80         55
        80         80         63
        80         80         71
        80         80         73
        80         80         85
        80         80         86
        80         80         87
        80         80         93
        80         80         97
        81         81          3
        81         81          6
        81         81          8
        81         81         11
        81         81         15
        81         81         23
        81         81         29
        81         81         34
        81         81         36
        81         81         39
        81         81         46
        81         81         52
        81         81         59
        81         81         72
        81         81         78
        81         81         87
        81         81         88
        82         82          0
        82         82          6
        82         82          7
        82         82          8
        82         82         10
        82         82         17
        82         82         21
        82         82         23
        82         82         28
        82         82         31
        82         82         33
        82         82         34
        82         82         36
        82         82         38
        82         82         40
        82         82         42
        82         82         43
        82         82         47
        82         82         55
        82         82         62
        82         82         71
        82         82         73
        82         82         78
        82         82         87
        82         82         94
        83         83          3
        83         83          7
        83         83          8
        83         83          9
        83         83         10
        83         83         11
        83         83         13
        83         83         14
        83         83         24
        83         83         26
        83         83         27
        83         83         29
        83         83         38
        83         83         39
        83         83         42
        83         83         43
        83         83         45
        83         83         47
        83         83         48
        83         83         50
        83         83         51
        83         83         52
        83         83         63
        83         83         69
        83         83         74
        83         83         75
        83         83         83
        83         83         85
        83         83         86
        83         83         89
        83         83         95
        83         83         97
        84         84         11
        84         84         12
        84         84         17
        84         84         26
        84         84         33
        84         84         34
        84         84         35
        84         84         38
        84         84         40
        84         84         44
        84         84         47
        84         84         51
        84         84         52
        84         84         60
        84         84         63
        84         84         71
        84         84         86
        84         84         87
        84         84         88
        84         84         93
        85         85          4
        85         85          7
        85         85         11
        85         85         14
        85         85         21
        85         85         28
        85         85         36
        85         85         47
        85         85         60
        85         85         63
        85         85         66
        85         85         67
        85         85         71
        85         85         72
        85         85         76
        85         85         81
        85         85         83
        85         85         92
        85         85         93
        86         86          3
        86         86          8
        86         86          9
        86         86         11
        86         86         21
        86         86         24
        86         86         26
        86         86         28
        86         86         29
        86         86         33
        86         86         34
        86         86         35
        86         86         38
        86         86         40
        86         86         48
        86         86         53
        86         86         57
        86         86         61
        86         86         67
        86         86         69
        86         86         71
        86         86         78
        86         86         80
        86         86         85
        86         86         86
        86         86         88
        86         86         93
        86         86         99
        87         87          0
        87         87          6
        87         87          8
        87         87          9
        87         87         14
        87         87         21
        87         87         23
        87         87         24
        87         87         25
        87         87         28
        87         87         34
        87         87         36
        87         87         38
        87         87         47
        87         87         48
        87         87         51
        87         87         52
        87         87         62
        87         87         67
        87         87         69
        87         87         78
        87         87         80
        87         87         87
        87         87         90
        87         87         93
        87         87         96
        87         87         98
        88         88          7
        88         88         11
        88         88         17
        88         88         32
        88         88         36
        88         88         38
        88         88         39
        88         88         40
        88         88         42
        88         88         48
        88         88         51
        88         88         66
        88         88         70
        88         88         73
        88         88         74
        88         88         76
        88         88         86
        88         88         87
        88         88         93
        89         89          3
        89         89          8
        89         89         11
        89         89         12
        89         89         15
        89         89         17
        89         89         28
        89         89         31
        89         89         34
        89         89         35
        89         89         36
        89         89         38
        89         89         39
        89         89         40
        89         89         43
        89         89         45
        89         89         47
        89         89         49
        89         89         50
        89         89         52
        89         89         61
        89         89         62
        89         89         63
        89         89         68
        89         89         69
        89         89         70
        89         89         76
        89         89         78
        89         89         80
        89         89         83
        89         89         85
        89         89         87
        89         89         89
        89         89         92
        89         89         94
        89         89         96
        90         90          0
        90         90          3
        90         90          5
        90         90          6
        90         90         14
        90         90         19
        90         90         24
        90         90         25
        90         90         26
        90         90         34
        90         90         36
        90         90         38
        90         90         39
        90         90         46
        90         90         47
        90         90         48
        90         90         51
        90         90         61
        90         90         63
        90         90         71
        90         90         80
        90         90         81
        90         90         87
        90         90         91
        91         91          9
        91         91         10
        91         91         11
        91         91         18
        91         91         19
        91         91         25
        91         91         28
        91         91         29
        91         91         31
        91         91         33
        91         91         35
        91         91         38
        91         91         41
        91         91         48
        91         91         49
        91         91         51
        91         91         57
        91         91         62
        91         91         69
        91         91         71
        91         91         80
        91         91         81
        91         91         83
        91         91         86
        91         91         87
        92         92          3
        92         92          5
        92         92          6
        92         92          8
        92         92         21
        92         92         29
        92         92         36
        92         92         38
        92         92         42
        92         92         46
        92         92         51
        92         92         54
        92         92         67
        92         92         69
        92         92         71
        92         92         73
        92         92         81
        92         92         83
        92         92         87
        92         92         93
        93         93          0
        93         93          8
        93         93         11
        93         93         12
        93         93         14
        93         93         17
        93         93         18
        93         93         19
        93         93         21
        93         93         23
        93         93         26
        93         93         28
        93         93         29
        93         93         31
        93         93         33
        93         93         36
        93         93         38
        93         93         39
        93         93         40
        93         93         44
        93         93         61
        93         93         63
        93         93         66
        93         93         67
        93         93         69
        93         93         78
        93         93         80
        93         93         81
        93         93         85
        93         93         87
        93         93         93
        93         93         96
        93         93         97
        93         93         99
        94         94          0
        94         94          3
        94         94          5
        94         94          8
        94         94         11
        94         94         17
        94         94         22
        94         94         28
        94         94         29
        94         94         38
        94         94         39
        94         94         43
        94         94         48
        94         94         49
        94         94         50
        94         94         53
        94         94         66
        94         94         67
        94         94         69
        94         94         74
        94         94         83
        94         94         86
        94         94         87
        94         94         89
        94         94         90
        94         94         98
        95         95          3
        95         95          9
        95         95         18
        95         95         19
        95         95         24
        95         95         28
        95         95         29
        95         95         31
        95         95         32
        95         95         33
        95         95         35
        95         95         36
        95         95         38
        95         95         47
        95         95         62
        95         95         63
        95         95         66
        95         95         67
        95         95         69
        95         95         70
        95         95         72
        95         95         78
        95         95         80
        95         95         83
        95         95         85
        95         95         87
        95         95         89
        96         96          0
        96         96          4
        96         96         13
        96         96         20
        96         96         24
        96         96         25
        96         96         28
        96         96         29
        96         96         31
        96         96         35
        96         96         38
        96         96         39
        96         96         40
        96         96         47
        96         96         48
        96         96         51
        96         96         61
        96         96         62
        96         96         63
        96         96         67
        96         96         69
        96         96         70
        96         96         72
        96         96         73
        96         96         74
        96         96         75
        96         96         78
        96         96         80
        96         96         81
        96         96         83
        96         96         85
        96         96         86
        96         96         87
        96         96         88
        96         96         92
        96         96         93
        96         96         97
        97         97          0
        97         97          3
        97         97          5
        97         97         11
        97         97         14
        97         97         15
        97         97         17
        97         97         28
        97         97         29
        97         97         33
        97         97         36
        97         97         38
        97         97         40
        97         97         45
        97         97         48
        97         97         61
        97         97         63
        97         97         67
        97         97         68
        97         97         74
        97         97         78
        97         97         85
        98         98          4
        98         98          9
        98         98         10
        98         98         11
        98         98         12
        98         98         14
        98         98         23
        98         98         24
        98         98         35
        98         98         36
        98         98         38
        98         98         41
        98         98         42
        98         98         47
        98         98         48
        98         98         51
        98         98         55
        98         98         67
        98         98         69
        98         98         79
        98         98         80
        98         98         83
        98         98         85
        98         98         87
        98         98         89
        98         98         93
        99         99          0
        99         99          8
        99         99         10
        99         99         18
        99         99         21
        99         99         23
        99         99         24
        99         99         28
        99         99         36
        99         99         38
        99         99         39
        99         99         40
        99         99         41
        99         99         42
        99         99         47
        99         99         52
        99         99         53
        99         99         61
        99         99         63
        99         99         67
        99         99         68
        99         99         69
        99         99         73
        99         99         74
        99         99         78
        99         99         81
        99         99         83
        99         99         86
        99         99         87
        99         99         95
        99         99         97
       100        100          3
       100        100          6
       100        100          8
       100        100         10
       100        100         17
       100        100         21
       100        100         23
       100        100         34
       100        100         36
       100        100         38
       100        100         39
       100        100         40
       100        100         43
       100        100         47
       100        100         48
       100        100         49
       100        100         52
       100        100         53
       100        100         60
       100        100         61
       100        100         63
       100        100         67
       100        100         68
       100        100         86
       100        100         87
       100        100         90
       100        100         93
       100        100         95
